Triangular
45 1035
46 1081
47 1128
48 1176
49 1225
50 1275
51 1326
52 1378
53 1431
54 1485
55 1540
56 1596
57 1653
58 1711
59 1770
60 1830
61 1891
62 1953
63 2016
64 2080
65 2145
66 2211
67 2278
68 2346
69 2415
70 2485
71 2556
72 2628
73 2701
74 2775
75 2850
76 2926
77 3003
78 3081
79 3160
80 3240
81 3321
82 3403
83 3486
84 3570
85 3655
86 3741
87 3828
88 3916
89 4005
90 4095
91 4186
92 4278
93 4371
94 4465
95 4560
96 4656
97 4753
98 4851
99 4950
100 5050
101 5151
102 5253
103 5356
104 5460
105 5565
106 5671
107 5778
108 5886
109 5995
110 6105
111 6216
112 6328
113 6441
114 6555
115 6670
116 6786
117 6903
118 7021
119 7140
120 7260
121 7381
122 7503
123 7626
124 7750
125 7875
126 8001
127 8128
128 8256
129 8385
130 8515
131 8646
132 8778
133 8911
134 9045
135 9180
136 9316
137 9453
138 9591
139 9730
140 9870
========
Square
32 1024
33 1089
34 1156
35 1225
36 1296
37 1369
38 1444
39 1521
40 1600
41 1681
42 1764
43 1849
44 1936
45 2025
46 2116
47 2209
48 2304
49 2401
50 2500
51 2601
52 2704
53 2809
54 2916
55 3025
56 3136
57 3249
58 3364
59 3481
60 3600
61 3721
62 3844
63 3969
64 4096
65 4225
66 4356
67 4489
68 4624
69 4761
70 4900
71 5041
72 5184
73 5329
74 5476
75 5625
76 5776
77 5929
78 6084
79 6241
80 6400
81 6561
82 6724
83 6889
84 7056
85 7225
86 7396
87 7569
88 7744
89 7921
90 8100
91 8281
92 8464
93 8649
94 8836
95 9025
96 9216
97 9409
98 9604
99 9801
=======
Pentagonal
26 1001
27 1080
28 1162
29 1247
30 1335
31 1426
32 1520
33 1617
34 1717
35 1820
36 1926
37 2035
38 2147
39 2262
40 2380
41 2501
42 2625
43 2752
44 2882
45 3015
46 3151
47 3290
48 3432
49 3577
50 3725
51 3876
52 4030
53 4187
54 4347
55 4510
56 4676
57 4845
58 5017
59 5192
60 5370
61 5551
62 5735
63 5922
64 6112
65 6305
66 6501
67 6700
68 6902
69 7107
70 7315
71 7526
72 7740
73 7957
74 8177
75 8400
76 8626
77 8855
78 9087
79 9322
80 9560
81 9801
======= 
Hexagonal
23 1035
24 1128
25 1225
26 1326
27 1431
28 1540
29 1653
30 1770
31 1891
32 2016
33 2145
34 2278
35 2415
36 2556
37 2701
38 2850
39 3003
40 3160
41 3321
42 3486
43 3655
44 3828
45 4005
46 4186
47 4371
48 4560
49 4753
50 4950
51 5151
52 5356
53 5565
54 5778
55 5995
56 6216
57 6441
58 6670
59 6903
60 7140
61 7381
62 7626
63 7875
64 8128
65 8385
66 8646
67 8911
68 9180
69 9453
70 9730
======= 
Heptagonal 
21 1071
22 1177
23 1288
24 1404
25 1525
26 1651
27 1782
28 1918
29 2059
30 2205
31 2356
32 2512
33 2673
34 2839
35 3010
36 3186
37 3367
38 3553
39 3744
40 3940
41 4141
42 4347
43 4558
44 4774
45 4995
46 5221
47 5452
48 5688
49 5929
50 6175
51 6426
52 6682
53 6943
54 7209
55 7480
56 7756
57 8037
58 8323
59 8614
60 8910
61 9211
62 9517
63 9828
=======
Octagonal
19 1045
20 1160
21 1281
22 1408
23 1541
24 1680
25 1825
26 1976
27 2133
28 2296
29 2465
30 2640
31 2821
32 3008
33 3201
34 3400
35 3605
36 3816
37 4033
38 4256
39 4485
40 4720
41 4961
42 5208
43 5461
44 5720
45 5985
46 6256
47 6533
48 6816
49 7105
50 7400
51 7701
52 8008
53 8321
54 8640
55 8965
56 9296
57 9633
58 9976